1403636581.313555 0.055495 0.055494 0.005781 0.003119 0.000107 0.000079 
1403636581.463556 0.064709 0.064707 0.006571 0.004208 0.000134 0.000105 
1403636581.613555 0.072765 0.072763 0.007625 0.004654 0.000145 0.000116 
1403636581.763556 0.080015 0.080013 0.008428 0.004664 0.000176 0.000125 
1403636581.913555 0.086660 0.086658 0.009035 0.004756 0.000207 0.000126 
1403636582.063555 0.092831 0.092829 0.009570 0.004934 0.000224 0.000126 
1403636582.213556 0.098616 0.098614 0.010044 0.005392 0.000227 0.000130 
1403636582.413555 0.118631 0.118629 0.012343 0.007089 0.000266 0.000168 
1403636582.513556 0.126605 0.126602 0.013351 0.007223 0.000308 0.000186 
1403636582.663556 0.127948 0.127945 0.013483 0.007232 0.000310 0.000187 
1403636582.863556 0.157590 0.157588 0.016063 0.008275 0.000363 0.000222 
1403636583.063555 0.371243 0.371238 0.038329 0.012820 0.000715 0.000411 
1403636583.213556 0.374835 0.374830 0.038812 0.013263 0.000754 0.000490 
1403636583.413555 0.665742 0.665737 0.074537 0.016364 0.000873 0.000569 
1403636583.613555 1.119305 1.119298 0.127219 0.021909 0.001236 0.000773 
1403636583.813555 1.122082 1.122075 0.127465 0.022377 0.001308 0.000807 
1403636584.063555 1.220024 1.220017 0.135659 0.028246 0.001798 0.000855 
1403636584.263556 1.228533 1.228525 0.135969 0.032260 0.001856 0.000927 
1403636584.463556 1.464336 1.464324 0.155123 0.048354 0.002245 0.000943 
1403636584.663556 1.466459 1.466447 0.155397 0.048777 0.002277 0.000966 
1403636584.863556 1.468579 1.468567 0.155642 0.048915 0.002292 0.001005 
1403636585.063555 1.522895 1.522881 0.160304 0.052182 0.002605 0.001176 
1403636585.213556 1.523775 1.523761 0.160448 0.052288 0.002618 0.001210 
