1403636581.313555 3.705741 8.250228 3.799648 0.254042 9.122307 3.599319 
1403636581.463556 2.501712 9.474873 -0.452029 0.179129 9.148355 3.537178 
1403636581.613555 2.804122 9.372068 -0.733037 0.195780 9.143311 3.549318 
1403636581.763556 2.951428 9.346251 0.415661 0.212612 9.136692 3.565357 
1403636581.913555 2.907746 9.355566 0.504475 0.202644 9.137203 3.564628 
1403636582.063555 2.967688 9.340042 0.438809 0.200321 9.132968 3.575594 
1403636582.213556 3.591195 9.108106 0.617930 0.201942 9.133813 3.573344 
1403636582.413555 2.625043 9.254258 1.924569 0.206373 9.140718 3.555387 
1403636582.513556 2.563810 9.230253 2.113153 0.206635 9.142526 3.550724 
1403636582.663556 2.299683 9.192908 2.537323 0.206162 9.142223 3.551528 
1403636582.863556 2.339202 9.069375 2.917307 0.210907 9.134630 3.570737 
1403636583.063555 0.830773 9.084892 3.607028 0.203736 9.138902 3.560208 
1403636583.213556 1.056604 9.063916 3.600711 0.205742 9.138397 3.561386 
1403636583.413555 1.192225 9.067228 3.549660 0.194905 9.133617 3.574234 
1403636583.613555 1.476620 9.083197 3.398711 0.207725 9.132565 3.576203 
1403636583.813555 1.337795 9.138721 3.306083 0.210058 9.133062 3.574795 
1403636584.063555 1.152606 9.187775 3.239199 0.208255 9.132813 3.575536 
1403636584.263556 1.109248 9.159657 3.332624 0.206745 9.133172 3.574708 
1403636584.463556 1.127343 9.158648 3.329321 0.205563 9.133519 3.573888 
1403636584.663556 1.103406 9.147084 3.368894 0.208000 9.134607 3.570966 
1403636584.863556 1.068321 9.174890 3.303969 0.210808 9.135023 3.569737 
1403636585.063555 0.888391 9.263447 3.104099 0.211372 9.134950 3.569892 
1403636585.213556 0.930942 9.271290 3.068003 0.213550 9.135408 3.568586 
