1403636581.313555 3.735639 3.588456 
1403636581.463556 3.383664 3.753195 
1403636581.613555 3.371611 3.776312 
1403636581.763556 3.487311 3.765274 
1403636581.913555 3.494407 3.758716 
1403636582.063555 3.488473 3.749679 
1403636582.213556 3.548617 3.772954 
1403636582.413555 3.656306 3.781730 
1403636582.513556 3.664191 3.774245 
1403636582.663556 3.704810 3.775350 
1403636582.863556 3.733649 3.754264 
1403636583.063555 3.800296 3.785688 
1403636583.213556 3.767629 3.750944 
1403636583.413555 3.798262 3.785066 
1403636583.613555 3.755551 3.748534 
1403636583.813555 3.729422 3.737295 
1403636584.063555 3.709449 3.727273 
1403636584.263556 3.710099 3.719970 
1403636584.463556 3.698257 3.708427 
1403636584.663556 3.677547 3.684646 
1403636584.863556 3.661077 3.673972 
1403636585.063555 3.643644 3.677660 
1403636585.213556 3.636283 3.672903 
